<type 'numpy.ndarray'>
(35, 1, 2)
[[[ 353.20825195   44.4901123 ]]

 [[ 377.96835327   47.0786972 ]]

 [[ 402.02789307   49.47166443]]

 [[ 425.64248657   52.6451149 ]]

 [[ 448.53219604   55.55436707]]

 [[ 471.51727295   58.28892517]]

 [[ 494.35681152   60.57621384]]

 [[ 353.41555786   67.85691071]]

 [[ 378.31628418   70.541008  ]]

 [[ 402.46405029   72.99253845]]

 [[ 426.3024292    75.52005005]]

 [[ 449.64859009   77.96102142]]

 [[ 472.67874146   80.45568848]]

 [[ 495.39889526   82.87363434]]

 [[ 353.13659668   91.55823517]]

 [[ 378.21542358   94.212677  ]]

 [[ 402.41677856   96.72072601]]

 [[ 426.50357056   99.28288269]]

 [[ 449.84307861  101.55241394]]

 [[ 473.10653687  103.74396515]]

 [[ 496.12643433  105.62382507]]

 [[ 353.5163269   115.94793701]]

 [[ 378.47332764  118.49504852]]

 [[ 402.77612305  120.69824982]]

 [[ 426.82247925  123.13067627]]

 [[ 450.75521851  125.17126465]]

 [[ 474.12179565  127.05800629]]

 [[ 497.49203491  128.81872559]]

 [[ 353.70437622  140.35383606]]

 [[ 378.95928955  142.4468689 ]]

 [[ 403.47619629  144.51379395]]

 [[ 427.7182312   146.79753113]]

 [[ 451.39254761  148.64198303]]

 [[ 475.05725098  150.47966003]]

 [[ 498.57733154  151.79510498]]]


<type 'numpy.ndarray'>
(35, 1, 2)
[[[ 354.11117554   45.27668381]]

 [[ 378.7746582    47.86013031]]

 [[ 402.96496582   50.59906387]]

 [[ 426.7026062    53.49620438]]

 [[ 449.60327148   56.44576645]]

 [[ 472.56335449   59.18122101]]

 [[ 495.14312744   61.49274445]]

 [[ 354.24108887   68.7088089 ]]

 [[ 379.22039795   71.22550964]]

 [[ 403.3132019    73.82616425]]

 [[ 427.28549194   76.41511536]]

 [[ 450.64752197   78.87304688]]

 [[ 473.79840088   81.30137634]]

 [[ 496.29901123   83.77603912]]

 [[ 354.14456177   92.73374176]]

 [[ 379.2286377    95.18139648]]

 [[ 403.57977295   97.77409363]]

 [[ 427.43740845  100.10045624]]

 [[ 450.87136841  102.40686035]]

 [[ 474.14038086  104.69234467]]

 [[ 497.11242676  106.69420624]]

 [[ 354.34457397  116.86588287]]

 [[ 379.59146118  119.28694916]]

 [[ 403.92843628  121.71074677]]

 [[ 427.96990967  123.88610077]]

 [[ 451.78643799  126.04256439]]

 [[ 475.05960083  128.02171326]]

 [[ 498.30004883  129.70648193]]

 [[ 354.77255249  141.04359436]]

 [[ 379.81915283  143.29249573]]

 [[ 404.40933228  145.46759033]]

 [[ 428.79403687  147.70726013]]

 [[ 452.51272583  149.64085388]]

 [[ 476.10488892  151.3841095 ]]

 [[ 499.7416687   152.79850769]]]